20467873909751401402040233310839541649364795931330
64195897791506159320019010750640787889620267741733
05269370602235851513920351597759567806835291057074
07971088230998429964617162991506512916935805770951
68718685855487664754733208111244959263162956242948
26996165535837788070421050674232175585749444671694
14655268758759362241267863065513082701501529393943
17537758717141615072124194962644952736990296743083
90265921192352233312969302183907021836072599327023
41235255993104496996104748458813414389209717144917
60205081693199736868358133037624301248601899107234
91253805909458284136453759030990355729128262546560
34505774379880330091097793198274948004044507316649
85220439437381539479336246862808315446315394133847
09791377487382972221050327248372894405603580399488
88758018142295754249393283224902480770371604616787
90962370003900030690558578383694373069329089007633
53742399676132286984946267862498334119954753533809
63380686549900652694028290230779626780607591128119
35305821460672171094252131759649282400495565797807
63433682696551183788613844124532928588655434818535
98253755260191828146747112949724027137070392186675
02632117697150808956381570114843404586980083269103
64552221824322280600615413439182781223290666241227
85072613890110078204596369360369111583801329541928
58541624155154448200626165046938186518978572134921
34852784876148645626901848132637701542576565803907
03921827465799169656303372852284643856989901309364
62933027593775416648869780614523530401634576086427
08459315226021754691937727854228886108846962084278
07085518404544751390249496610257556683157342371161
01858995665110193488158497197512763943786463910825
72847114851911584926501117177686815720189560784675
88782816841352589453754569809673896570319917484876
45177565572840197212251274756760406081192462016116
96
