8.改革开放以来，我国高等教育事业有了迅速发展.这里我们得到了某省从1990~2000年18~24岁
的青年人每年考人大学的百分比，我们把农村、县镇和城市分开统计，为了便于计算，把1990年编
号为0.1991年编号为1*2000年编号为10.如果把每年考人大学的百分比作为因变量，把年份
从0到10作为自变量进行回归分析，可得到下面三条回归直线：
城市y=9.50+2.84x；
县镇y=6.76+2.32r；
农村y=1.80+0.42x.
（1）在同一个坐标系内作出三条回归直线
（2）对于农村青年来讲，系数等于0.42意味着什么？
（3）在这一阶段，三个组哪一个的大学人学率年增长最快？
（4）请查阅我国人口分布的有关资料，选择一个在高等教育发展上有代表性的省，以这个省的大学
入学率作为样本，说明我国在1991~2000年10年间大学入学率的总体发展情况
B组
1.在一家保险公司的董事会上，董事们就我国加人世界贸易组织（WTO）后公司的发展战略问题展开
激烈讨论，其中一个议题是如何借鉴国外保险公司先进的管理经验，改进公司的管理模式，会议决
定对推销员实行目标管理，即给推销员确定一个具体的销售目标，这个销售目标确定的是否合适、
直接影响公司的经济效益，如果目标过高，多数推销员完不成任务，会使推销员失去信心：如果目
标定得太低，将不利于挖掘推销员的工作潜力.下面一组数据是部分推销员的月销售额（单位：千
元）：
19.58
16.11
16.45
20.45
20.24
21.66
22.45
18.22
12.34
19.35
20.55
17.45
18.78
17.96
19.91
18.12
14.65
14.78
16.78
18.78
18.29
18.51
17.86
19.58
19.21
18.55
16.34
15.54
17.55
14.89
18.94
17.43
17.14
18.02
19.98
17.88
17.32
19.35
15.45
19.58
13.45
21.34
14.00
18.42
23.00
17.52
18.51
17.16
24.56
25.14
请根据这组样本数据提出使75%的职工能够完成销售指标的建议，
2.想像一下一个人从出生到死亡，在每个生日都测量身高，并作出这些数据散点图，这些点将不会落
在一条直线上.但在一段时间内的增长数据有时可以用线性回归来分析，下表是一位母亲给儿子作的
成长记录：
年龄/周岁
3
4
5
6
7
8
9
10
身高/cm
90.8
97.6
104.2
110.9
115.6
122.0
128.5
134.2
93
