CHAPTER
普通高中课程标准实验教科书数学3
由于城市住户较多，通常采用抽样调查的方式，通过分
析样本数据来估计全市居民用水量的分布情况.假设通过抽
样，我们获得了100位居民某年的月均用水量（单位：t）：
表2-1100位居民的月均用水量（单位：t）
实际抽样时，
3.1
2.5
2.0
2.0
1.5
1.0
1.6
1.8
1.9
1.6
样本容量大小应当
3.4
2.6
2.2
2.2
1.5
1.2
0.2
0.4
0.3
0.4
根据问题的需要来
3.2
2.7
2.3
2.1
1.6
1.2
3.7
1.5
0.5
3.8
确定，并不一定样
3.3
2.8
2.3
2.2
1.7
1.3
3.6
1.7
0.6
4.1
3.2
2.9
2.4
2.3
1.8
1.4
3.5
1.9
0.8
4.3
本容量越大越好.
3.0
2.9
2.4
2.4
1.9
1.3
1.4
1.8
0.7
2.0
2.5
2.8
2.3
2.3
1.8
1.3
1.3
1.6
0.9
2.3
2.6
2.7
2.4
2.1
1.7
1.4
1.2
1.5
0.5
2.4
2.5
2.6
2.3
2.1
1.6
1.0
1.0
1.7
0.8
2.4
2.8
2.5
2.2
2.0
1.5
1.0
1.2
1.8
0.6
2.2
上面这些数字能告诉我们什么呢？很容易发现的是一个
居民月均用水量的最小值是0.2t，最大值是4.3t，其他在
一幅田胜过
0.2～4.3之间.除此之外，很难发现这100位居民的用水量
千个字，看懂困是
的其他信息了.实际上，我们很难从随意记录下来的数据中直
21世纪的成年人
接看出规律，为此，我们需要对统计数据进行整理与分析
所必须具备的能力.
分析数据的一种基本方法是用图将它们画出来，或者用
紧凑的表格改变数据的排列方式，作图可以达到两个目的，
一是从数据中提取信息，二是利用图形传递信息.表格则是
通过改变数据的构成形式，为我们提供解释数据的新方式.
初中我们曾经学过频数分布图和频数分布表，这使我们
能够清楚地知道数据分布在各个小组的个数.下面将要学习
的频率分布表和频率分布图，则是从各个小组数据在样本容
量中所占比例大小的角度，来表示数据分布的规律，它可以
使我们看到整个样本数据的频率分布（frequencydistribu-
tion）情况.具体的做法如下.
1.求极差（即一组数据中最大值与最小值的差）
例如，
4.3-0.2=4.1,
说明样本数据的变化范围是4.1t
2.决定组距与组数
组距与组数的确定没有固定的标准，常常需要一个尝试
和选择的过程.将数据分组时，组数应力求合适，以使数据
的分布规律能较清楚地呈现出来.组数太多或太少，都会影
响我们了解数据的分布情况，数据分组的组数与样本容量有
关，一般样本容量越大，所分组数越多.当样本容量不超过
56
