CHAPTER
普通高中课程标准实验教科书数学3
练
习
1.农场种植的甲乙两种水稻，在面积相等的两块稻田中连续6年的年平均产量如下（单位：500g）：
第1年
第5年
第6年
甲
900
920
900
850
910
920
890
960
950
N
860
890
哪种水稻的产量比较稳定？
2.一个小商店从一家食品有限公司购进21袋白糖，每袋白糖的标准重量是500g，为了了解这些
白糖的重量情况，称出各袋白糖的重量（单位：g）如下：
486
495
496
498
499
493
493
498
484
497
504
489
495
503
499
503
509
498
487
500
508
求：
（1）21袋白糖的平均重量是多少？标准差是多少？
（2）重量位于一s与x十s之间有多少袋白糖？所占的百分比是多少？
3.下列数据是30个不同国家中每100000名男性患某种疾病的死亡率：
27.0
23.9
41.6
33.1
40.6
18.8
13.7
28.9
13.2
14.5
27.0
34.8
28.9
3.2
50.1
5.6
8.7
15.2
7.1
5.2
16.5
13.8
19.2
11.2
15.7
10.0
5.6
1.5
33.8
9.2
（1）作出这些数据分布的频率分布直方图；
（2）请由这些数据计算平均数、中位数和标准差，并对它们的含义进行解释。
生产过程中的质量控制图
我们知道，平均数μ表明了总体的重心所在，标准差表明了总体的离散程度，但
是，当我们从样本数据中计算出这两个数值后，其他信息就丢失了，所以，这两个数值并
不能刻画总体的全貌.不过，现实生活中，有一些总体（如某地区同龄儿童的身高、体重
等）的分布的密度曲线是由它的平均数μ与标准差。完全确定的（图1～图3），我们把这
种分布记作N（μ，），称为平均数为、方差为的正态分布
70
