96762812542201119425719616168868643674451959508892
43316772302402940863883236660269368825394808451522
50446644216606580562681554350242354896321452415248
2266221586266375419958.4236722458375218510337183911
96244014512822308857956747298894694006071816367886
31739161196020729848985707286965953969585680301944
78607399844389943645566947074190229107127835340872
84379061567010239805851134766076484534600164183996
36671008239893350886992976298188349158936314523252
07285907488964588975838562278930147856278663598002
10158387607924316656214824069391989405490147593800
55196897650373521656005855902733422938872213888334
53812913393501207134623374821453731909035654295693
51863268923398746699401471945845941933811444998107
35917029138003540727969478326650955274331380556254
37716795132002449594648504057201329076145389746041
93661383279279646472285496538448145298945607933930
02960845651305004184930754725921455709771948562744
49834348358288336996723604197647451518608211089597
84607162464080813037343923053325153571308812572177
181730.88714491148847892330631556342047899982932493
796910617871327695628700.22584092540175254311719931
75933657835620148211742197906598426863867454132694
38309229030623813938622506846361290893670432920809
51295010343157759580519702747776154849441855637709
21313886243779815374732416103352839094767047145436
29012387835802393767421014209216552342455496091106
95339522001874720018387958693281768026928280842539
90846079802436598738820753893596352379180598900735
46406298805497205695157480083216467050806772164279
20318903433846826872321482997080604718976349302130
71597305500822237177910193204982965926946639679860
97
