附表
随机数表
03474373863696473661469863716233261680456011141095
97742467624281145720425332373227073607512451798973
16766227665650267107329079785313553858598897541410
12568599269696682731050372931557121014218826498176
55595635643854824622316243099006184432532383013030
16227794394954435482173793237887352096438426349164
84421753315724550688770474476721763350258392120676
63016378591695556719981050717512867358074439523879
33211234297864560782524207443815510013429966027954
57608632440947279654491746096290528477270802734328
18180792454417165809798386196206765003105523640505
26623897758416074499831146322420148588451093728871
23424064748297777781074532140832989407729385791075
52362819955092261197005676313880220253538660420453
37859435128339500830423407968854420687983585294839
70291712134033203826138951037417763713040774211930
56621837359683508775971255934770332403549777464480
99495722778842954572166436160004431866799477242190
16081504723327143409455934684912720734459927729514
31169332435027898719201537004952856660443868881180
68343013705574307740442278842604334609526807970657
74572565765929976860719138675413581824761554559552
27423786534855906572965769361096469242459760490491
00396829616637322030778457032910456504261104966724
29949894246849691082537591933034252057274048735192
16908266598362641112671900717460472129680202370331
11279475060609197466029437340276709030863845943038
35241016203332512638797845049116925356160275509598
38231686384238970150877566814140017491624851840832
31962591479644334913348682539100524348852755268962
66674067146405719586110565096876832037905716001166
14908445117573880590522741148622981222080752749580
68055118003396027519076062935559338243904937384459
95
