CHAPTER
普通高中课程标准实验教科书数学3
可认为生产情况正常：如果圆点超出控制界限，可认为有异常情况发生，应该停机检查。
至此，你对标准差的含义是否有了进一步的理解？请你根据上述阅读材料谈谈你对标
准差的认识.
习
顺2.2
156
A组
493
198
503
1.有一种鱼的身体吸收汞，汞的含量超过体重的1.00ppm（即百万分之一）时就会对人体产生
危害：在30条鱼的样本中发现的汞含量是用鱼故中陆量鼠品气亦朴总士
E00.070.240.950.981.020.981.37.1.400.391.02
1.441.580.541.080.61000.721.201.141.621.68
中（1）用前两位数作为茎，画出样本数据的茎叶图，主薪旦主
（3）从实际情况看，许多鱼的汞含量超标在于有些鱼在出售之前没有被检查过，每批这种鱼的
平均汞含量都比1.00ppm大吗？
（4）求出上述样本数据的平均数和标准差：
（5）有多少条鱼的汞含量在平均数与2倍标准差的和（差）的范围内？
2.在一批棉花中抽测了60根棉花的纤维长度，结果如下（单位：mm）：
82
202
352
321
25
293
293
86
28
206
323
355
357
33
325
113
233
294
50
296
115
236
357
326
52
301
140
328
238
358
58
255
143
360
340
302
370
343
260
303
59
146
60
263
170
305
380
346
61
305
175
348
264
383
62
306
195
350
265
385
作出这个样本的频率分布直方图（在对样本数据分组时，可试用几种不同的分组方式，然后
从中选择一种较为合适的分组方法），棉花的纤维长度是棉花质量的重要指标，你能从图中分
析出这批棉花的质量状况吗？
了意体的重是卧在，标准花了表明丁总体的两最极度
但
3.以往的招生统计数据显示，某所大学录取的新生高考总分的中位数基本上稳定在550分。你的开
不糖一位校友在今年的高考中得了520分，你是立即劝阻他报考这所大学，还是先查阅一下这所大
#宝学招生的其他信息？解释一下你的选择，止标油整影确梦8国普美出翁实教园把这
72
